   0.0108938552
   0.0134201798
   0.0144762455
   0.0058910498
   0.0154597897
   0.0109540468
   0.0106998227
   0.0120218141
   0.0109971868
  -0.0039951140
   0.0221590967
   0.0177266592
   0.0082435382
   0.0018233054
   0.0110352662
   0.0177853174
  -0.0201241571
  -0.0233421451
  -0.0379851281
  -0.0346271908
  -0.0108269056
  -0.0208496205
  -0.0424789080
  -0.0471337989
  -0.0460176366
  -0.0332528647
  -0.0205800111
  -0.0429394924
  -0.0486949475
  -0.0504478686
  -0.0471108331
  -0.0275960505
  -0.0243167878
  -0.0419648909
  -0.0470540461
  -0.0463773282
  -0.0311095948
  -0.0236764210
  -0.0370671399
  -0.0334821005
  -0.0167045476
  -0.0004197850
   0.0153387319
   0.0072149658
  -0.0133256901
  -0.0039969810
  -0.0037716485
  -0.0214910861
  -0.0117468435
  -0.0193808503
  -0.0226142826
  -0.0056848812
  -0.0200925746
  -0.0169344937
   0.0065843050
   0.0046936439
  -0.0075457357
  -0.0114740856
   0.0029991062
  -0.0017556462
   0.0093731059
  -0.0087561803
   0.0084699794
   0.0130975957
   0.0140239714
  -0.0044548779
   0.0098473562
   0.0138919838
   0.0141716047
   0.0033705965
   0.0113965741
   0.0140105863
   0.0075107884
   0.0147090649
   0.0161855876
   0.0165028076
   0.0133071443
   0.0069581097
   0.0174375903
   0.0143120731
   0.0147077172
   0.0180583859
   0.0174405723
   0.0173409235
   0.0173385647
   0.0182196778
   0.0167601122
   0.0153743833
   0.0183539966
   0.0152904842
   0.0145240760
   0.0171648036
   0.0168274050
   0.0112439869
   0.0156557988
   0.0145423626
   0.0090756297
   0.0190923820
   0.0339499270
   0.0193393554
   0.0178981151
   0.0400891441
   0.0288428026
   0.0334865682
   0.0377317118
   0.0258210979
   0.0303120516
   0.0269107274
   0.0121566566
   0.0085692035
   0.0110168312
   0.0119099102
  -0.0018031910
   0.0118732142
   0.0124741652
   0.0077047425
   0.0085326322
   0.0068250279
   0.0059948294
  -0.0034714271
   0.0140785893
   0.0119056443
   0.0072476684
   0.0047533288
   0.0010464855
   0.0092734007
   0.0114903923
  -0.0142839475
  -0.0158560280
  -0.0276609615
  -0.0250497252
  -0.0081654035
  -0.0127818254
  -0.0310749820
  -0.0359858541
  -0.0343664732
  -0.0236666064
  -0.0100689570
  -0.0312689303
  -0.0380012070
  -0.0397878203
  -0.0378132465
  -0.0278980477
  -0.0128520302
  -0.0314650916
  -0.0379147432
  -0.0398283931
  -0.0377949835
  -0.0267360516
  -0.0168036235
  -0.0310965547
  -0.0357940195
  -0.0340811224
  -0.0210824885
  -0.0165402371
  -0.0269048833
  -0.0234766780
  -0.0116073912
   0.0017892283
   0.0093314455
   0.0060607047
  -0.0060617757
  -0.0007222737
  -0.0124977110
  -0.0063173667
  -0.0146927970
  -0.0128403026
   0.0016380017
  -0.0140268339
  -0.0139141377
  -0.0014813316
  -0.0106944018
  -0.0104011868
   0.0035136727
   0.0037536984
  -0.0009854584
  -0.0052068857
   0.0046860755
   0.0043635277
  -0.0172790915
   0.0013224360
   0.0082047365
   0.0106080121
  -0.0055220361
   0.0056873100
   0.0100491124
   0.0113616931
  -0.0086175000
   0.0039191499
   0.0094573613
   0.0111632108
   0.0015808343
   0.0067150476
   0.0101071246
   0.0131726912
   0.0121806316
   0.0087851411
   0.0001893669
   0.0129637762
   0.0139787746
   0.0134165179
   0.0106098363
   0.0073494274
   0.0133288086
   0.0117211911
   0.0113568435
   0.0134824916
   0.0145064747
   0.0134885561
   0.0135839879
   0.0134213954
   0.0132576292
   0.0134212323
   0.0116742467
   0.0137340718
   0.0140422622
   0.0113987735
   0.0111264625
   0.0133933219
   0.0143772065
   0.0128762634
   0.0074632922
   0.0128916490
   0.0134959272
   0.0125359304
   0.0085878469
  -0.0027068435
   0.0135943967
   0.0237784074
   0.0156525354
   0.0163264461
   0.0294371335
   0.0216037030
   0.0258524895
   0.0302245475
   0.0231019138
   0.0162349767
   0.0276263189
   0.0261636418
   0.0176254863
   0.0217344929
   0.0175203432
   0.0095090275
   0.0068198736
  -0.0036281231
   0.0051364942
   0.0105009278
   0.0102081534
   0.0108741755
   0.0113006400
   0.0097556303
   0.0042755928
   0.0102037717
   0.0111621199
   0.0095617243
   0.0058905588
   0.0072002108
   0.0041461871
   0.0035505030
  -0.0028698195
   0.0093724503
   0.0085633726
  -0.0067481642
   0.0032476747
   0.0029962086
  -0.0054156365
   0.0008332527
   0.0076524641
   0.0079412552
  -0.0103993642
  -0.0110099656
  -0.0216024363
  -0.0194547799
  -0.0073181989
  -0.0232703300
  -0.0286666000
  -0.0285017466
  -0.0224783251
  -0.0084192800
  -0.0043805902
  -0.0231752905
  -0.0301492923
  -0.0323287626
  -0.0313202932
  -0.0253498677
  -0.0072044229
  -0.0235982898
  -0.0301456788
  -0.0323102564
  -0.0312473320
  -0.0247137802
  -0.0116079447
  -0.0237561281
  -0.0285140518
  -0.0281618944
  -0.0209442378
  -0.0121701711
  -0.0210664364
  -0.0179043485
  -0.0082632688
   0.0026440395
   0.0061662082
  -0.0026036709
   0.0010068617
  -0.0027080226
  -0.0078902846
  -0.0012800578
  -0.0039214318
  -0.0103317852
  -0.0069720195
   0.0046907661
  -0.0027795609
  -0.0101093501
  -0.0080243016
   0.0021171406
  -0.0074889045
  -0.0050371574
   0.0053001040
   0.0039366565
   0.0019592914
  -0.0021086055
   0.0051014448
   0.0027635845
  -0.0041814063
   0.0044172314
   0.0080185161
  -0.0122172754
   0.0009105700
   0.0065715821
   0.0089573690
   0.0102684560
  -0.0140987807
  -0.0008374261
   0.0058232607
   0.0086965241
  -0.0001529474
   0.0049727649
   0.0087377220
   0.0112315813
   0.0095943107
   0.0053972536
   0.0106420783
   0.0115055571
   0.0116563460
   0.0103910483
   0.0073751940
   0.0045385301
   0.0104926372
   0.0090412450
   0.0092707829
   0.0111821183
   0.0118507640
   0.0107487375
   0.0109891499
   0.0106880457
   0.0100245007
   0.0100335184
   0.0092554561
   0.0112022485
   0.0113118168
   0.0087015920
   0.0104690272
   0.0117230885
   0.0116409144
   0.0093901971
   0.0034137538
   0.0114278499
   0.0113532736
   0.0097385168
   0.0049986032
   0.0180803138
   0.0101842219
   0.0124514242
   0.0227611315
   0.0162953405
   0.0207825462
   0.0234098725
   0.0173269387
   0.0142423461
   0.0220369470
   0.0200046832
   0.0129244446
   0.0175107443
   0.0129966308
   0.0053643303
  -0.0032552674
   0.0038992658
   0.0082608851
   0.0086358756
   0.0093492982
   0.0007622461
   0.0090632432
   0.0096267191
   0.0096046119
   0.0086155150
   0.0093395756
   0.0005908267
   0.0081177932
   0.0046521019
   0.0060807289
   0.0026569887
   0.0022067917
  -0.0023776878
   0.0064360878
   0.0064121490
  -0.0051385436
   0.0015035571
   0.0020244570
  -0.0037547262
   0.0007468236
   0.0062678871
   0.0057611827
  -0.0077955366
  -0.0080983530
  -0.0162587477
  -0.0146408215
  -0.0051991947
  -0.0168473745
  -0.0218941114
  -0.0225983913
  -0.0193831608
  -0.0115100399
  -0.0017530855
  -0.0168683702
  -0.0234775978
  -0.0259101920
  -0.0255941587
  -0.0220796730
  -0.0138187189
  -0.0019250270
  -0.0165754243
  -0.0234171040
  -0.0264224515
  -0.0271363152
  -0.0255785122
  -0.0205296519
  -0.0056734804
  -0.0177540081
  -0.0235939441
  -0.0258543893
  -0.0254185986
  -0.0214167682
  -0.0088879933
  -0.0176191363
  -0.0218114233
  -0.0221773185
  -0.0182510153
  -0.0090163866
  -0.0157808817
  -0.0131204878
   0.0028194682
   0.0079556170
   0.0040966481
  -0.0001962566
   0.0019239195
  -0.0025035610
  -0.0036938813
   0.0016596449
  -0.0037925576
  -0.0063674027
  -0.0026295704
   0.0062536234
  -0.0016401913
  -0.0067457087
  -0.0063772859
  -0.0011219260
   0.0081522530
  -0.0021895116
  -0.0063449721
  -0.0042233616
   0.0028077868
   0.0091418609
  -0.0038704397
  -0.0017196906
   0.0043461664
   0.0032553734
   0.0037650339
   0.0001067456
  -0.0048088893
   0.0028112509
   0.0065224701
  -0.0037073858
   0.0031037432
   0.0064029057
   0.0082206925
  -0.0023611656
   0.0037267105
   0.0067358131
   0.0083278839
  -0.0011593560
   0.0043391498
   0.0071494701
   0.0040134793
   0.0100818678
   0.0096083311
   0.0080225791
   0.0045942638
   0.0091761693
   0.0099406348
   0.0100226625
   0.0090359870
   0.0069697467
   0.0054281266
   0.0084753936
   0.0073525213
   0.0078961310
   0.0094367523
   0.0098667979
   0.0089864569
   0.0090683534
   0.0086603243
   0.0078409984
   0.0075892634
   0.0076741167
   0.0092626719
   0.0092787219
   0.0073635105
   0.0089311042
   0.0099355403
   0.0097990993
   0.0079750534
   0.0036730612
   0.0096904556
   0.0100678009
   0.0095907477
   0.0076276497
   0.0027381722
   0.0095974316
   0.0075703346
   0.0132236391
   0.0072031242
   0.0171512825
   0.0117718546
   0.0159175241
   0.0186732911
   0.0137529407
   0.0130006363
   0.0181292869
   0.0176500822
   0.0125209560
   0.0115423537
   0.0170110184
   0.0141911461
   0.0081856678
   0.0125030704
   0.0089079449
