#! FIELDS phi metad.bias der_phi
#! SET min_phi -pi
#! SET max_phi pi
#! SET nbins_phi  315
#! SET periodic_phi true
   -3.141592654   96.370511603   51.284660807
   -3.121646034   97.375210301   48.466950076
   -3.101699414   98.308780088   45.611176380
   -3.081752794   99.199282184   43.041973079
   -3.061806173  100.039582657   40.564092865
   -3.041859553  100.831922306   38.500708183
   -3.021912933  101.575800908   36.544888249
   -3.001966313  102.278355689   34.338144218
   -2.982019693  102.958049996   32.395007055
   -2.962073073  103.592484336   30.462287735
   -2.942126453  104.183507047   28.594110524
   -2.922179833  104.732291344   26.989974003
   -2.902233213  105.269118905   25.671828337
   -2.882286593  105.777766736   24.150165030
   -2.862339973  106.238728779   22.331545870
   -2.842393353  106.660973841   20.066068287
   -2.822446733  107.041515344   17.601966789
   -2.802500113  107.370398839   15.009696981
   -2.782553493  107.646814918   12.410985083
   -2.762606873  107.870106055   10.506220295
   -2.742660253  108.063783380    9.115584833
   -2.722713633  108.245849708    8.520652843
   -2.702767013  108.425107331    8.722018981
   -2.682820393  108.596968035    8.936364358
   -2.662873773  108.780607524    9.199447155
   -2.642927153  108.949382192    8.499860435
   -2.622980533  109.121215640    7.589451289
   -2.603033913  109.256999272    5.920547588
   -2.583087293  109.356442394    3.997984603
   -2.563140673  109.418465484    2.128939905
   -2.543194053  109.447655590    0.722110942
   -2.523247433  109.443804673   -0.132114214
   -2.503300813  109.446906726   -0.550467512
   -2.483354193  109.440162426   -0.248090979
   -2.463407573  109.437304545   -0.380484336
   -2.443460953  109.415824827   -0.605075896
   -2.423514333  109.396536501   -1.619230295
   -2.403567713  109.345837472   -3.441394984
   -2.383621093  109.259466911   -5.508702419
   -2.363674473  109.128325848   -7.631315394
   -2.343727853  108.963912991   -9.263650930
   -2.323781233  108.772978637   -9.853720273
   -2.303834613  108.577630115   -9.589156180
   -2.283887993  108.388597348   -8.245283745
   -2.263941373  108.238012314   -6.602551161
   -2.243994753  108.128149112   -4.859195575
   -2.224048133  108.052637249   -3.337980938
   -2.204101513  107.991512380   -2.604147514
   -2.184154892  107.926141781   -3.108770369
   -2.164208272  107.851368305   -4.691831490
   -2.144261652  107.742533760   -6.793256370
   -2.124315032  107.587218583   -8.729064810
   -2.104368412  107.391672255  -10.770511847
   -2.084421792  107.166001147  -12.052408562
   -2.064475172  106.910355045  -13.096395042
   -2.044528552  106.645047989  -13.504558348
   -2.024581932  106.371157087  -13.059466433
   -2.004635312  106.120050100  -11.970635972
   -1.984688692  105.895683342  -10.312383649
   -1.964742072  105.719699076   -7.559030161
   -1.944795452  105.601715651   -4.551536579
   -1.924848832  105.545631444   -0.640214795
   -1.904902212  105.573111351    3.384591002
   -1.884955592  105.675345105    6.973460197
   -1.865008972  105.845956167    9.787707712
   -1.845062352  106.067824495   11.754793935
   -1.825115732  106.319622187   12.716715441
   -1.805169112  106.564787308   12.295757147
   -1.785222492  106.791571399   11.284597725
   -1.765275872  107.007266651    9.858067213
   -1.745329252  107.201694427    9.240056023
   -1.725382632  107.386836227    9.398356965
   -1.705436012  107.579185992    9.943584473
   -1.685489392  107.781578425   10.908542748
   -1.665542772  108.015800694   12.296597706
   -1.645596152  108.265269970   13.124727938
   -1.625649532  108.540379589   13.361338623
   -1.605702912  108.802200079   12.900208061
   -1.585756292  109.048388757   11.399597049
   -1.565809672  109.256723078    9.434247417
   -1.545863052  109.425161757    7.299289078
   -1.525916432  109.547431765    5.252473710
   -1.505969812  109.638475458    3.594810894
   -1.486023192  109.697903644    1.927793048
   -1.466076572  109.729867345    0.887829694
   -1.446129952  109.730740419   -0.199932032
   -1.426183332  109.705056752   -1.063474315
   -1.406236712  109.671941728   -2.070031909
   -1.386290092  109.631911045   -2.000384207
   -1.366343472  109.596218828   -2.267964920
   -1.346396852  109.552369541   -2.430791812
   -1.326450232  109.501759145   -2.798721073
   -1.306503611  109.439849562   -3.195000603
   -1.286556991  109.363191747   -4.602692946
   -1.266610371  109.240282862   -6.893022392
   -1.246663751  109.069261760   -9.873708101
   -1.226717131  108.836144957  -13.379711986
   -1.206770511  108.539534187  -16.672858641
   -1.186823891  108.181163331  -19.576046225
   -1.166877271  107.763058128  -21.801333020
   -1.146930651  107.313380031  -22.722077486
   -1.126984031  106.850451326  -23.296260400
   -1.107037411  106.376144917  -23.552539449
   -1.087090791  105.894902429  -24.379213622
   -1.067144171  105.400487242  -25.647761207
   -1.047197551  104.866459385  -27.412082420
   -1.027250931  104.289936955  -29.976180153
   -1.007304311  103.662474719  -32.564008608
   -0.987357691  102.988779389  -34.860925686
   -0.967411071  102.278300194  -36.013300955
   -0.947464451  101.554417080  -36.332144355
   -0.927517831  100.825736596  -35.572313133
   -0.907571211  100.121826625  -34.543568474
   -0.887624591   99.450545884  -33.471592193
   -0.867677971   98.787138362  -32.625374875
   -0.847731351   98.127467549  -32.877260398
   -0.827784731   97.466249361  -33.541115041
   -0.807838111   96.782189054  -34.654351740
   -0.787891491   96.075721133  -35.965160085
   -0.767944871   95.336286666  -37.652776646
   -0.747998251   94.564989162  -39.327949003
   -0.728051631   93.761635342  -41.092472204
   -0.708105011   92.927834619  -42.537668262
   -0.688158391   92.059672523  -43.300868504
   -0.668211771   91.186668443  -43.635225417
   -0.648265151   90.309805709  -43.277381620
   -0.628318531   89.452592486  -42.407854000
   -0.608371911   88.621221597  -40.560506263
   -0.588425291   87.826679657  -38.326716343
   -0.568478671   87.083280379  -36.332968013
   -0.548532051   86.373791711  -34.776052253
   -0.528585431   85.689788660  -33.511750417
   -0.508638811   85.015825965  -33.199731790
   -0.488692191   84.348169213  -33.617907863
   -0.468745571   83.673839931  -34.244143487
   -0.448798951   82.981977581  -34.725121391
   -0.428852330   82.277722648  -34.890347621
   -0.408905710   81.586765750  -34.158350100
   -0.388959090   80.919773016  -32.797780327
   -0.369012470   80.279354049  -30.559873230
   -0.349065850   79.685860239  -28.311919148
   -0.329119230   79.149198866  -25.591623791
   -0.309172610   78.659276838  -23.183645102
   -0.289225990   78.223476205  -20.852767960
   -0.269279370   77.818421856  -19.108348922
   -0.249332750   77.443525427  -17.771254000
   -0.229386130   77.103052297  -16.678141068
   -0.209439510   76.778731705  -15.702830841
   -0.189492890   76.477266713  -14.705441891
   -0.169546270   76.191854604  -13.674671974
   -0.149599650   75.928086850  -12.991956167
   -0.129653030   75.684546595  -11.672596970
   -0.109706410   75.457975926  -10.363876317
   -0.089759790   75.265753850   -8.749300715
   -0.069813170   75.100387294   -7.065686816
   -0.049866550   74.988875165   -4.854689717
   -0.029919930   74.914942501   -2.515610878
   -0.009973310   74.889834623    0.055136781
    0.009973310   74.917042854    2.892997484
    0.029919930   75.003269118    5.825856488
    0.049866550   75.156986885    9.217284871
    0.069813170   75.373420294   12.232322917
    0.089759790   75.646633170   14.808532077
    0.109706410   75.967004933   17.168035184
    0.129653030   76.328368631   18.757926443
    0.149599650   76.712168024   19.458730860
    0.169546270   77.103897192   19.949462253
    0.189492890   77.516721507   20.711896623
    0.209439510   77.940909678   22.040143938
    0.229386130   78.396142664   23.925523137
    0.249332750   78.910496266   26.890507111
    0.269279370   79.481426530   30.316592055
    0.289225990   80.128189254   34.240781907
    0.309172610   80.852128054   37.663983202
    0.329119230   81.631542894   39.942708610
    0.349065850   82.441263844   40.447793217
    0.369012470   83.243898358   39.617646417
    0.388959090   84.015314799   37.439684078
    0.408905710   84.732182019   34.488561790
    0.428852330   85.393548906   31.226393408
    0.448798951   85.995464216   28.895252879
    0.468745571   86.574767746   28.359782848
    0.488692191   87.145013814   29.292369479
    0.508638811   87.754923760   31.769317342
    0.528585431   88.425496538   35.252119391
    0.548532051   89.164739190   38.698771518
    0.568478671   89.976941716   42.048352053
    0.588425291   90.849938244   44.442856152
    0.608371911   91.752345604   45.410457325
    0.628318531   92.657126016   44.780240818
    0.648265151   93.532726590   43.206796243
    0.668211771   94.375624292   40.729828465
    0.688158391   95.165089728   38.036197378
    0.708105011   95.904971928   35.589824955
    0.728051631   96.600933309   33.461633785
    0.747998251   97.256975985   32.233847064
    0.767944871   97.892516376   31.210078707
    0.787891491   98.507692376   30.530799026
    0.807838111   99.111241422   29.561850327
    0.827784731   99.692763700   28.677620209
    0.847731351  100.252730587   27.185768417
    0.867677971  100.787892666   25.427001042
    0.887624591  101.280039620   23.799953525
    0.907571211  101.737591868   21.850894259
    0.927517831  102.155750389   19.860916612
    0.947464451  102.529898029   18.008900862
    0.967411071  102.878020809   15.977892286
    0.987357691  103.174806606   13.378060490
    1.007304311  103.410317281    9.959843488
    1.027250931  103.561999713    5.808120607
    1.047197551  103.629028057    0.570047768
    1.067144171  103.590858425   -4.596999975
    1.087090791  103.449228549   -9.478190917
    1.107037411  103.208550736  -13.852012336
    1.126984031  102.899210730  -17.011645169
    1.146930651  102.540419360  -18.904944404
    1.166877271  102.149463548  -19.752744918
    1.186823891  101.747878810  -20.281574923
    1.206770511  101.340611134  -20.560702912
    1.226717131  100.919414548  -21.596807523
    1.246663751  100.472030710  -23.738990172
    1.266610371   99.962008587  -26.881334287
    1.286556991   99.378426151  -30.970626551
    1.306503611   98.707151564  -35.687180275
    1.326450232   97.943428022  -40.701365704
    1.346396852   97.081541012  -45.283631164
    1.366343472   96.135282508  -48.714105197
    1.386290092   95.127924337  -51.336295064
    1.406236712   94.090747646  -52.782530657
    1.426183332   93.021416236  -53.850913993
    1.446129952   91.923859364  -54.727712205
    1.466076572   90.818036205  -55.804200975
    1.486023192   89.683422773  -57.681328632
    1.505969812   88.499188064  -60.418931572
    1.525916432   87.250853639  -63.909658803
    1.545863052   85.947293680  -67.428192763
    1.565809672   84.555423733  -71.057718272
    1.585756292   83.094041198  -73.982928428
    1.605702912   81.600329837  -75.458933566
    1.625649532   80.089256961  -75.490360288
    1.645596152   78.592581950  -73.879074661
    1.665542772   77.137123731  -71.163062595
    1.685489392   75.730244467  -67.973895239
    1.705436012   74.393674919  -65.106234053
    1.725382632   73.122855328  -62.634023689
    1.745329252   71.888475627  -60.873475164
    1.765275872   70.681046833  -59.607358298
    1.785222492   69.484234948  -59.497022927
    1.805169112   68.296583561  -59.346654630
    1.825115732   67.097080324  -59.839147715
    1.845062352   65.894901133  -60.417519191
    1.865008972   64.681204505  -61.160378743
    1.884955592   63.444766896  -62.151204115
    1.904902212   62.196593393  -62.912633378
    1.924848832   60.918240013  -63.900115800
    1.944795452   59.635508676  -64.122225018
    1.964742072   58.355049924  -63.282183760
    1.984688692   57.114345177  -60.711528284
    2.004635312   55.939219550  -56.385699272
    2.024581932   54.863510019  -50.705463274
    2.044528552   53.916596976  -43.974272458
    2.064475172   53.123236311  -36.063444702
    2.084421792   52.470914819  -28.685373889
    2.104368412   51.961878970  -21.526885750
    2.124315032   51.589146280  -15.726910690
    2.144261652   51.326718990  -10.929436399
    2.164208272   51.142151119   -7.452639449
    2.184154892   51.022124436   -4.779269377
    2.204101513   50.951364417   -2.746168836
    2.224048133   50.914914021   -0.898604959
    2.243994753   50.917041473    1.396729327
    2.263941373   50.969970193    4.188832703
    2.283887993   51.095765195    7.789095723
    2.303834613   51.285124342   12.216264867
    2.323781233   51.585386717   17.362825717
    2.343727853   51.980291745   22.955663815
    2.363674473   52.498895849   28.630467650
    2.383621093   53.129405789   34.135782186
    2.403567713   53.869270849   39.308222088
    2.423514333   54.706074875   44.218652429
    2.443460953   55.633714357   48.398253389
    2.463407573   56.634233693   51.686813402
    2.483354193   57.699068076   54.090387644
    2.503300813   58.798155046   55.627746923
    2.523247433   59.920336530   56.293872129
    2.543194053   61.050574253   56.419955551
    2.563140673   62.186819649   56.627142676
    2.583087293   63.321397094   56.595476123
    2.603033913   64.448655213   56.796814498
    2.622980533   65.592361870   57.269608472
    2.642927153   66.748000158   58.394438201
    2.662873773   67.947052737   60.062703047
    2.682820393   69.168138913   62.121621661
    2.702767013   70.428459649   64.103772367
    2.722713633   71.733447965   65.882185385
    2.742660253   73.069234160   66.963309102
    2.762606873   74.417236581   67.604704220
    2.782553493   75.765747012   67.061970992
    2.802500113   77.095731618   65.529807389
    2.822446733   78.405335254   63.824899239
    2.842393353   79.656981730   61.419334165
    2.862339973   80.853171673   58.548006425
    2.882286593   82.001398152   56.034157640
    2.902233213   83.105959241   53.973521082
    2.922179833   84.176606604   52.799356181
    2.942126453   85.227828974   52.300517322
    2.962073073   86.283311242   52.630542693
    2.982019693   87.347154836   53.909265912
    3.001966313   88.448806770   55.462767962
    3.021912933   89.570895437   56.965662491
    3.041859553   90.729098289   57.962764196
    3.061806173   91.898251057   58.472435824
    3.081752794   93.063358687   57.761608449
    3.101699414   94.202980992   56.237383709
    3.121646034   95.309745557   54.029920821
