#! FIELDS phi metad.bias der_phi
#! SET min_phi -pi
#! SET max_phi pi
#! SET nbins_phi  315
#! SET periodic_phi true
   -3.141592654   51.552176046   45.861524352
   -3.121646034   52.458048871   44.308011357
   -3.101699414   53.325308087   42.249200593
   -3.081752794   54.144519639   39.509564985
   -3.061806173   54.902766288   36.310492262
   -3.041859553   55.605535834   33.489443657
   -3.021912933   56.250085297   31.181377020
   -3.001966313   56.858563908   29.687540795
   -2.982019693   57.447636437   29.125907724
   -2.962073073   58.034461724   29.187038959
   -2.942126453   58.624562076   29.467707347
   -2.922179833   59.216244847   29.653760792
   -2.902233213   59.803938618   29.172355611
   -2.882286593   60.376129435   27.579764037
   -2.862339973   60.907212492   25.160422272
   -2.842393353   61.381058068   22.016543076
   -2.822446733   61.788054421   18.577121754
   -2.802500113   62.128618531   15.629613431
   -2.782553493   62.417435334   13.055626077
   -2.762606873   62.658407713   11.381373918
   -2.742660253   62.877440686   10.554733713
   -2.722713633   63.089772112   10.306156371
   -2.702767013   63.294493718   10.330004090
   -2.682820393   63.502126314   10.320585897
   -2.662873773   63.706145344    9.829435189
   -2.642927153   63.891575465    8.776594776
   -2.622980533   64.049469141    7.017635483
   -2.603033913   64.169941818    4.842605048
   -2.583087293   64.242731991    2.314694589
   -2.563140673   64.268907827   -0.171052707
   -2.543194053   64.244255415   -2.202811644
   -2.523247433   64.181551865   -3.805805217
   -2.503300813   64.091236358   -4.742967960
   -2.483354193   63.996113050   -5.004576495
   -2.463407573   63.898538789   -4.574392193
   -2.443460953   63.812412155   -3.880990552
   -2.423514333   63.744518461   -3.211422776
   -2.403567713   63.684607339   -2.689395778
   -2.383621093   63.629599142   -2.630917702
   -2.363674473   63.576169473   -3.106734299
   -2.343727853   63.509727857   -3.653992510
   -2.323781233   63.424353380   -4.532963221
   -2.303834613   63.325751306   -5.301731916
   -2.283887993   63.216259984   -5.677756743
   -2.263941373   63.096468405   -5.812975048
   -2.243994753   62.985748655   -5.530945590
   -2.224048133   62.880917486   -5.133148679
   -2.204101513   62.780296780   -4.695726182
   -2.184154892   62.684797514   -4.948369642
   -2.164208272   62.576777277   -5.385614785
   -2.144261652   62.462973857   -6.358571385
   -2.124315032   62.329163913   -7.349731676
   -2.104368412   62.167318391   -8.545233824
   -2.084421792   61.985627541   -9.443017474
   -2.064475172   61.796614630   -9.695799286
   -2.044528552   61.610407308   -9.111520607
   -2.024581932   61.436397834   -7.846773830
   -2.004635312   61.297785261   -5.998066149
   -1.984688692   61.197512738   -3.754205062
   -1.964742072   61.145683786   -1.439861900
   -1.944795452   61.136729073    0.723488981
   -1.924848832   61.173300831    2.601621672
   -1.904902212   61.242802506    4.127893159
   -1.884955592   61.339509116    5.266055582
   -1.865008972   61.454217146    6.171176467
   -1.845062352   61.583844972    6.737911154
   -1.825115732   61.724308880    7.207545448
   -1.805169112   61.872042458    7.522457355
   -1.785222492   62.028835148    8.018224263
   -1.765275872   62.193248839    8.590740093
   -1.745329252   62.373785021    9.355390724
   -1.725382632   62.569627803   10.513460085
   -1.705436012   62.794926474   11.962905443
   -1.685489392   63.055570166   13.717169601
   -1.665542772   63.346380290   15.571320117
   -1.645596152   63.674571937   17.316708098
   -1.625649532   64.030556370   18.402957412
   -1.605702912   64.407305211   18.796019071
   -1.585756292   64.781638759   18.412041297
   -1.565809672   65.138138435   17.016118347
   -1.545863052   65.457765839   14.895585569
   -1.525916432   65.729948563   12.438669935
   -1.505969812   65.948726496    9.714184828
   -1.486023192   66.119139714    7.156796390
   -1.466076572   66.240732494    4.909287484
   -1.446129952   66.319892596    3.008732739
   -1.426183332   66.361291492    1.473336221
   -1.406236712   66.370959793   -0.364790881
   -1.386290092   66.352955114   -2.041955161
   -1.366343472   66.294041429   -3.876993451
   -1.346396852   66.190701252   -6.040213969
   -1.326450232   66.047069719   -8.303282200
   -1.306503611   65.862823269  -10.654520730
   -1.286556991   65.623733508  -12.763373161
   -1.266610371   65.349033070  -14.795454854
   -1.246663751   65.036039202  -16.485270457
   -1.226717131   64.698382162  -17.604891077
   -1.206770511   64.334226965  -18.505086388
   -1.186823891   63.951556403  -19.223817488
   -1.166877271   63.560236248  -19.698410662
   -1.146930651   63.163663099  -20.199641923
   -1.126984031   62.750753027  -20.803707262
   -1.107037411   62.330033670  -21.731562016
   -1.087090791   61.878429710  -23.053417812
   -1.067144171   61.405114148  -24.469509901
   -1.047197551   60.892537704  -26.400545358
   -1.027250931   60.343591871  -28.260339994
   -1.007304311   59.758716517  -30.029380054
   -0.987357691   59.143888582  -31.258540192
   -0.967411071   58.506737294  -32.238012599
   -0.947464451   57.854113204  -32.749248811
   -0.927517831   57.196818990  -32.972235316
   -0.907571211   56.535906861  -32.974943048
   -0.887624591   55.874763789  -32.954133386
   -0.867677971   55.209152425  -33.352007450
   -0.847731351   54.532669303  -33.968437108
   -0.827784731   53.842851526  -34.986176031
   -0.807838111   53.130259474  -36.082024599
   -0.787891491   52.396812724  -37.246053945
   -0.767944871   51.639549939  -38.388842361
   -0.747998251   50.859268638  -39.376808503
   -0.728051631   50.064202635  -40.049046639
   -0.708105011   49.258220858  -40.479282388
   -0.688158391   48.441945105  -40.681644241
   -0.668211771   47.620214417  -40.980642838
   -0.648265151   46.802032481  -41.222689736
   -0.628318531   45.972085160  -41.477371741
   -0.608371911   45.137962903  -41.282720881
   -0.588425291   44.313729366  -40.978462747
   -0.568478671   43.506449743  -39.803361628
   -0.548532051   42.724385069  -38.070155654
   -0.528585431   41.982135682  -35.574577369
   -0.508638811   41.298233212  -32.834687906
   -0.488692191   40.667185694  -30.277384016
   -0.468745571   40.084249235  -27.862421292
   -0.448798951   39.541194102  -25.989678262
   -0.428852330   39.031822738  -24.941430500
   -0.408905710   38.534765626  -24.414966255
   -0.388959090   38.047780740  -24.444082085
   -0.369012470   37.556451820  -24.547374361
   -0.349065850   37.061521894  -24.838517978
   -0.329119230   36.563171788  -24.878883881
   -0.309172610   36.065957467  -24.652750227
   -0.289225990   35.575004409  -24.146985054
   -0.269279370   35.104156671  -23.255778358
   -0.249332750   34.645440959  -22.257770242
   -0.229386130   34.214741764  -20.972125151
   -0.209439510   33.807131772  -19.408923289
   -0.189492890   33.434984769  -17.715584551
   -0.169546270   33.101078319  -15.626083096
   -0.149599650   32.810887323  -13.252112380
   -0.129653030   32.573055751  -10.522209447
   -0.109706410   32.391228755   -7.678430703
   -0.089759790   32.264988090   -4.889293338
   -0.069813170   32.193090007   -2.303778259
   -0.049866550   32.167916898   -0.324908929
   -0.029919930   32.180250537    1.430335823
   -0.009973310   32.220453491    2.720588913
    0.009973310   32.285558986    3.610064416
    0.029919930   32.366502308    4.320671888
    0.049866550   32.462680517    5.170108082
    0.069813170   32.574814802    6.104867306
    0.089759790   32.711142028    7.456491433
    0.109706410   32.877139481    9.459338964
    0.129653030   33.092309400   12.269925416
    0.149599650   33.372642174   15.796392350
    0.169546270   33.729604722   19.685406012
    0.189492890   34.167447321   23.944912951
    0.209439510   34.682538500   27.594927316
    0.229386130   35.270243453   30.634954171
    0.249332750   35.904245689   32.605585228
    0.269279370   36.567413998   33.363997983
    0.289225990   37.233683806   33.015165507
    0.309172610   37.883012473   31.914574506
    0.329119230   38.511891797   30.554399588
    0.349065850   39.107491391   28.988431089
    0.369012470   39.679090475   28.146809340
    0.388959090   40.244307777   28.137104896
    0.408905710   40.816500341   29.215953714
    0.428852330   41.419879577   31.181151035
    0.448798951   42.070380235   33.718726192
    0.468745571   42.775576002   36.566783497
    0.488692191   43.536071813   39.245659051
    0.508638811   44.345055992   41.268575140
    0.528585431   45.189720916   42.722287063
    0.548532051   46.052853304   43.452477220
    0.568478671   46.922887169   43.428662155
    0.588425291   47.789838638   42.871891935
    0.608371911   48.637293279   41.763737862
    0.628318531   49.458669835   40.220551134
    0.648265151   50.250594238   38.388866059
    0.668211771   50.998728815   36.304270835
    0.688158391   51.707390533   34.236607971
    0.708105011   52.366285385   31.951505925
    0.728051631   52.985588364   29.891533084
    0.747998251   53.566815289   28.123161244
    0.767944871   54.113787251   26.478838605
    0.787891491   54.631154968   24.960694020
    0.807838111   55.122339950   23.776703378
    0.827784731   55.590848920   22.820602265
    0.847731351   56.039306872   22.105464530
    0.867677971   56.474431984   21.324821479
    0.887624591   56.891294775   20.403228103
    0.907571211   57.289537693   19.138229689
    0.927517831   57.656934667   17.582747473
    0.947464451   57.989274477   15.427725690
    0.967411071   58.272027405   12.748265441
    0.987357691   58.499986464    9.784233358
    1.007304311   58.665758253    6.725998502
    1.027250931   58.766984086    3.626269597
    1.047197551   58.810247504    0.721144464
    1.067144171   58.796620952   -2.014899392
    1.087090791   58.733022380   -4.310154847
    1.107037411   58.623331721   -6.384585802
    1.126984031   58.473555113   -8.403196044
    1.146930651   58.284235673  -10.368759153
    1.166877271   58.057478970  -12.436476166
    1.186823891   57.777413899  -14.853152588
    1.206770511   57.454930460  -17.852519875
    1.226717131   57.065593464  -21.157258534
    1.246663751   56.600781056  -25.169408086
    1.266610371   56.051271242  -29.485721816
    1.286556991   55.414952311  -33.986747029
    1.306503611   54.686944074  -38.489981236
    1.326450232   53.876999789  -42.653547648
    1.346396852   52.982151781  -46.196536868
    1.366343472   52.025305228  -49.100496040
    1.386290092   51.017348667  -51.259586998
    1.406236712   49.977299934  -52.894511122
    1.426183332   48.907713925  -54.071780367
    1.446129952   47.813989231  -54.974522315
    1.466076572   46.701062676  -56.215763939
    1.486023192   45.556603527  -57.770042428
    1.505969812   44.379337858  -59.640171856
    1.525916432   43.165568161  -61.558548003
    1.545863052   41.918748260  -63.070143732
    1.565809672   40.643989565  -64.072472937
    1.585756292   39.355555696  -64.190160945
    1.605702912   38.073934112  -63.426331586
    1.625649532   36.817107690  -61.832924988
    1.645596152   35.595330953  -60.003302961
    1.665542772   34.410723148  -58.276199789
    1.685489392   33.253779147  -57.117795226
    1.705436012   32.114926699  -56.800182552
    1.725382632   30.967829210  -57.430857892
    1.745329252   29.801462523  -58.829612942
    1.765275872   28.603441493  -60.791854487
    1.785222492   27.365697459  -62.751268927
    1.805169112   26.090568212  -64.225471077
    1.825115732   24.793618713  -65.294422166
    1.845062352   23.483112431  -65.436021130
    1.865008972   22.175479800  -64.822026762
    1.884955592   20.888839826  -63.774859936
    1.904902212   19.622537279  -62.339275572
    1.924848832   18.388854998  -60.601271068
    1.944795452   17.194408487  -58.790470230
    1.964742072   16.037818186  -56.692840170
    1.984688692   14.928208602  -54.142239295
    2.004635312   13.878682679  -50.844088073
    2.024581932   12.899540245  -46.682284869
    2.044528552   12.012180223  -41.837122324
    2.064475172   11.230408805  -36.018620347
    2.084421792   10.575717335  -29.589112509
    2.104368412   10.046183430  -22.892970417
    2.124315032    9.653551497  -16.377774834
    2.144261652    9.387056456  -10.187863193
    2.164208272    9.237016322   -4.825913949
    2.184154892    9.185091782   -0.379164508
    2.204101513    9.215212077    3.356097105
    2.224048133    9.315719128    6.650363483
    2.243994753    9.477037265    9.729655204
    2.263941373    9.701004675   12.673397984
    2.283887993    9.988188598   15.869255664
    2.303834613   10.339031955   19.149723693
    2.323781233   10.758238015   22.699444896
    2.343727853   11.248619152   26.164899162
    2.363674473   11.802456484   29.303757086
    2.383621093   12.416689185   32.112647899
    2.403567713   13.084984169   34.557703406
    2.423514333   13.799381475   36.694890519
    2.443460953   14.552219243   38.568175897
    2.463407573   15.343589709   40.489339097
    2.483354193   16.179063219   42.641837909
    2.503300813   17.057425102   44.873543296
    2.523247433   17.978192353   47.126702440
    2.543194053   18.946506180   49.218590428
    2.563140673   19.949951348   50.881819043
    2.583087293   20.978680073   51.874754090
    2.603033913   22.024615191   52.074005754
    2.622980533   23.063188176   51.632782427
    2.642927153   24.089648863   50.882569540
    2.662873773   25.104172587   50.303217341
    2.682820393   26.117970379   50.482810837
    2.702767013   27.135965767   51.527938498
    2.722713633   28.187993646   53.435939603
    2.742660253   29.282486378   56.024775592
    2.762606873   30.438132400   59.066014666
    2.782553493   31.652398927   62.096899222
    2.802500113   32.917581050   64.269522406
    2.822446733   34.221208926   65.489227936
    2.842393353   35.536671693   65.778422428
    2.862339973   36.843505653   64.799643331
    2.882286593   38.125525604   62.922424492
    2.902233213   39.370483057   60.743435953
    2.922179833   40.565008162   58.278779757
    2.942126453   41.707786674   55.831773710
    2.962073073   42.803785655   53.560057092
    2.982019693   43.853835407   51.645174253
    3.001966313   44.872008426   49.955217073
    3.021912933   45.857223138   48.727954225
    3.041859553   46.826608926   47.912064083
    3.061806173   47.786041924   47.532052850
    3.081752794   48.736525713   47.189114641
    3.101699414   49.680416633   47.019968449
    3.121646034   50.622951408   46.695064460
