#! FIELDS phi metad.bias der_phi
#! SET min_phi -pi
#! SET max_phi pi
#! SET nbins_phi  315
#! SET periodic_phi true
   -3.141592654   70.052055872   44.954889825
   -3.121646034   70.933410898   43.105069210
   -3.101699414   71.781971700   41.792343536
   -3.081752794   72.609438856   40.633298449
   -3.061806173   73.412444748   39.739953259
   -3.041859553   74.200969625   38.848762784
   -3.021912933   74.970987772   37.962340235
   -3.001966313   75.727951852   36.812656479
   -2.982019693   76.454742688   35.693487276
   -2.962073073   77.152871488   33.795375968
   -2.942126453   77.810201896   31.476314031
   -2.922179833   78.406456219   28.688263931
   -2.902233213   78.952145887   25.372634683
   -2.882286593   79.426638733   22.085823992
   -2.862339973   79.840364776   18.691520013
   -2.842393353   80.182406085   16.003098465
   -2.822446733   80.485030962   13.967942580
   -2.802500113   80.744969019   12.536906474
   -2.782553493   80.990578151   11.862939928
   -2.762606873   81.225523235   11.608936629
   -2.742660253   81.467335697   11.833489606
   -2.722713633   81.702766772   11.887489927
   -2.702767013   81.935726331   11.491109526
   -2.682820393   82.160092846   10.399756436
   -2.662873773   82.355522593    9.140725527
   -2.642927153   82.524839458    7.762037709
   -2.622980533   82.659007890    6.238415672
   -2.603033913   82.774440770    5.037063185
   -2.583087293   82.872256684    4.499161021
   -2.563140673   82.956533065    3.689462004
   -2.543194053   83.020906436    3.060483917
   -2.523247433   83.071003223    1.926817939
   -2.503300813   83.090211427    0.559931204
   -2.483354193   83.085398475   -1.301887387
   -2.463407573   83.037387845   -3.504795036
   -2.443460953   82.949463246   -5.359509584
   -2.423514333   82.824190200   -7.022288304
   -2.403567713   82.672122367   -8.318318830
   -2.383621093   82.499216735   -8.922016451
   -2.363674473   82.312993669   -9.417890274
   -2.343727853   82.125760121   -9.508921866
   -2.323781233   81.942043908   -9.105747398
   -2.303834613   81.756431655   -8.990865911
   -2.283887993   81.580481804   -8.533209581
   -2.263941373   81.411970161   -8.062660311
   -2.243994753   81.262608706   -7.338337691
   -2.224048133   81.128425566   -6.373391407
   -2.204101513   81.007020063   -5.353886887
   -2.184154892   80.911490978   -4.274850228
   -2.164208272   80.835219767   -3.561943603
   -2.144261652   80.762107062   -3.274856209
   -2.124315032   80.697632338   -3.193858486
   -2.104368412   80.628689441   -3.666375169
   -2.084421792   80.549565794   -4.350619111
   -2.064475172   80.460201944   -4.822873087
   -2.044528552   80.359800826   -4.752090387
   -2.024581932   80.271110599   -4.406093100
   -2.004635312   80.187798980   -3.736398826
   -1.984688692   80.122059984   -2.647537065
   -1.964742072   80.085045695   -1.342606652
   -1.944795452   80.071313098   -0.123678828
   -1.924848832   80.077749454    0.984109552
   -1.904902212   80.109986399    2.138554549
   -1.884955592   80.159984055    3.413287214
   -1.865008972   80.236334403    4.565009158
   -1.845062352   80.348879504    5.958662658
   -1.825115732   80.484747152    7.383458358
   -1.805169112   80.642881887    8.392121253
   -1.785222492   80.818350874    9.352160181
   -1.765275872   81.012938900    9.857689948
   -1.745329252   81.212325938    9.975090698
   -1.725382632   81.405035470    9.816778700
   -1.705436012   81.601018469    9.655529765
   -1.685489392   81.793305692    9.831675835
   -1.665542772   82.001929451   10.323481098
   -1.645596152   82.215248042   11.346780450
   -1.625649532   82.446646422   12.606812467
   -1.605702912   82.719086660   13.831301784
   -1.585756292   83.008289954   14.840337706
   -1.565809672   83.308167494   14.926356561
   -1.545863052   83.599171096   14.390918571
   -1.525916432   83.868454159   12.720643040
   -1.505969812   84.100344200   10.183395434
   -1.486023192   84.266253115    6.883131561
   -1.466076572   84.369884848    3.584573319
   -1.446129952   84.417807728    0.403664094
   -1.426183332   84.398791620   -2.134102842
   -1.406236712   84.330034241   -4.316881910
   -1.386290092   84.227040904   -5.636452222
   -1.366343472   84.105224413   -6.282282518
   -1.346396852   83.979713448   -6.368669772
   -1.326450232   83.850800963   -6.167672003
   -1.306503611   83.724102819   -6.713286585
   -1.286556991   83.584872899   -7.255406202
   -1.266610371   83.428776230   -8.367162990
   -1.246663751   83.241450310  -10.287689224
   -1.226717131   83.017408861  -12.458714516
   -1.206770511   82.737062094  -14.993508366
   -1.186823891   82.417147732  -17.164434545
   -1.166877271   82.056927829  -19.043871785
   -1.146930651   81.658084812  -20.574421160
   -1.126984031   81.231087025  -21.587543805
   -1.107037411   80.783342216  -22.750399588
   -1.087090791   80.316214590  -23.971276749
   -1.067144171   79.824123123  -24.857426335
   -1.047197551   79.311378115  -26.247401692
   -1.027250931   78.769586836  -28.026381830
   -1.007304311   78.204277584  -29.396728295
   -0.987357691   77.591907612  -31.028402614
   -0.967411071   76.952198957  -32.640312053
   -0.947464451   76.281774761  -34.276238278
   -0.927517831   75.585917791  -35.579366585
   -0.907571211   74.861912947  -36.630304410
   -0.887624591   74.118399698  -37.535635717
   -0.867677971   73.355634272  -38.242888776
   -0.847731351   72.584638827  -38.987347135
   -0.827784731   71.800486622  -39.039722423
   -0.807838111   71.018220554  -38.689040720
   -0.787891491   70.254024958  -37.686307414
   -0.767944871   69.516081939  -36.028960813
   -0.747998251   68.811340186  -34.284509691
   -0.728051631   68.137668165  -32.647846666
   -0.708105011   67.503643844  -31.380247658
   -0.688158391   66.875091246  -31.131231462
   -0.668211771   66.246145488  -31.880539898
   -0.648265151   65.588853221  -33.116924127
   -0.628318531   64.904916769  -35.100889800
   -0.608371911   64.179200464  -37.551334845
   -0.588425291   63.408112563  -39.706902211
   -0.568478671   62.588128589  -41.437517876
   -0.548532051   61.748085340  -42.623286866
   -0.528585431   60.891084824  -42.982484815
   -0.508638811   60.031440699  -42.534638090
   -0.488692191   59.188373240  -41.335502267
   -0.468745571   58.375723412  -39.506477471
   -0.448798951   57.602235931  -37.664631085
   -0.428852330   56.871814281  -35.457734744
   -0.408905710   56.181503200  -33.394432709
   -0.388959090   55.536265556  -31.288019925
   -0.369012470   54.931202144  -29.169230810
   -0.349065850   54.360649252  -27.288060195
   -0.329119230   53.833205665  -25.702103857
   -0.309172610   53.334395504  -23.908808007
   -0.289225990   52.867488944  -22.595130917
   -0.269279370   52.427732216  -21.637228253
   -0.249332750   52.000010519  -20.735645161
   -0.229386130   51.594928603  -19.825905583
   -0.209439510   51.210492693  -18.715871966
   -0.189492890   50.847308156  -17.404428638
   -0.169546270   50.510490326  -15.756792271
   -0.149599650   50.209334893  -14.167997915
   -0.129653030   49.950764778  -12.035974152
   -0.109706410   49.729615041  -10.047335703
   -0.089759790   49.549802245   -8.010398372
   -0.069813170   49.412776409   -5.782872983
   -0.049866550   49.320075886   -3.850154291
   -0.029919930   49.264406526   -1.881670868
   -0.009973310   49.237561364   -0.011633433
    0.009973310   49.258377553    2.124402478
    0.029919930   49.322550270    4.148811720
    0.049866550   49.435904335    6.792458199
    0.069813170   49.601519168    9.853559062
    0.089759790   49.825937901   12.953461863
    0.109706410   50.114465704   16.057691300
    0.129653030   50.469719810   18.863633573
    0.149599650   50.871715150   21.358773836
    0.169546270   51.315815518   23.198313613
    0.189492890   51.791490950   24.311569115
    0.209439510   52.290530208   24.913631429
    0.229386130   52.792910608   25.335735938
    0.249332750   53.302129005   25.487733225
    0.269279370   53.810275853   25.824607324
    0.289225990   54.339813391   26.734221343
    0.309172610   54.893672611   28.467699166
    0.329119230   55.490616283   31.086329012
    0.349065850   56.140125881   33.912990072
    0.369012470   56.853384304   37.128667661
    0.388959090   57.624153500   40.075911778
    0.408905710   58.453578659   42.407126379
    0.428852330   59.317055722   43.776516421
    0.448798951   60.200737633   44.121862010
    0.468745571   61.080278175   43.476042575
    0.488692191   61.940359764   42.203467377
    0.508638811   62.765403045   40.323815684
    0.528585431   63.558491376   38.387546413
    0.548532051   64.303431284   36.321826713
    0.568478671   65.011734472   34.729045624
    0.588425291   65.700872691   33.795435959
    0.608371911   66.378706605   33.549110464
    0.628318531   67.050640892   33.782366108
    0.648265151   67.735006078   34.395296324
    0.668211771   68.424758522   35.027636782
    0.688158391   69.134402945   35.329900222
    0.708105011   69.843502762   35.530955358
    0.728051631   70.556787758   35.194514095
    0.747998251   71.257638743   34.589317113
    0.767944871   71.932067478   33.269484002
    0.787891491   72.580939341   31.386695048
    0.807838111   73.189003340   29.341874447
    0.827784731   73.759519662   27.364910646
    0.847731351   74.287030488   25.152155196
    0.867677971   74.773195533   23.108029440
    0.887624591   75.210358779   20.833086327
    0.907571211   75.601167312   18.440107385
    0.927517831   75.948814835   16.218814231
    0.947464451   76.247375218   13.688765038
    0.967411071   76.493838601   11.152726591
    0.987357691   76.700032875    9.093929835
    1.007304311   76.867299247    7.468922290
    1.027250931   77.002338551    6.213507256
    1.047197551   77.112449155    4.735301523
    1.067144171   77.193224678    3.488793462
    1.087090791   77.244066246    1.390934747
    1.107037411   77.246423084   -1.254373084
    1.126984031   77.193080864   -4.686115467
    1.146930651   77.049231949   -9.198198529
    1.166877271   76.813331453  -14.360748509
    1.186823891   76.469715283  -19.465684691
    1.206770511   76.041321308  -23.866058539
    1.226717131   75.516082347  -27.673734894
    1.246663751   74.930206531  -30.723340683
    1.266610371   74.297088896  -32.790861129
    1.286556991   73.628142627  -34.143439296
    1.306503611   72.930490616  -35.371819722
    1.326450232   72.206269653  -36.744242759
    1.346396852   71.450575868  -38.830125075
    1.366343472   70.638027359  -41.749996154
    1.386290092   69.768130939  -45.263858523
    1.406236712   68.820716512  -49.115384640
    1.426183332   67.810194975  -52.600193805
    1.446129952   66.718467824  -56.121854380
    1.466076572   65.559166538  -59.630199577
    1.486023192   64.340340893  -62.422786163
    1.505969812   63.062384501  -64.783384655
    1.525916432   61.740708076  -66.672280789
    1.545863052   60.385527179  -68.265618517
    1.565809672   59.005778233  -69.337804063
    1.585756292   57.605958633  -70.398315199
    1.605702912   56.190976685  -71.118774742
    1.625649532   54.759473667  -71.262725372
    1.645596152   53.329297594  -71.070098150
    1.665542772   51.917419653  -70.384744942
    1.685489392   50.520909167  -69.183856789
    1.705436012   49.145697346  -67.789009838
    1.725382632   47.796928268  -66.649423705
    1.745329252   46.472144514  -65.782920179
    1.765275872   45.160244709  -65.298469679
    1.785222492   43.858716893  -64.854624338
    1.805169112   42.565370542  -64.308776795
    1.825115732   41.277296820  -63.482720243
    1.845062352   40.019272664  -62.034739175
    1.865008972   38.799163599  -59.535276788
    1.884955592   37.645942753  -56.022473334
    1.904902212   36.561530630  -51.487947424
    1.924848832   35.578701500  -46.644057817
    1.944795452   34.691946689  -41.869482375
    1.964742072   33.894946893  -37.426765808
    1.984688692   33.182140077  -33.752974998
    2.004635312   32.532705067  -31.096761437
    2.024581932   31.926206621  -29.129883409
    2.044528552   31.349824541  -28.195568777
    2.064475172   30.794897279  -27.609508735
    2.084421792   30.251424934  -26.919315998
    2.104368412   29.728778042  -25.585692617
    2.124315032   29.228527524  -23.517334706
    2.144261652   28.778670689  -20.915652945
    2.164208272   28.390319134  -18.099488973
    2.184154892   28.059835977  -14.738507508
    2.204101513   27.805336630  -10.904265511
    2.224048133   27.629878389   -6.808141081
    2.243994753   27.540046785   -2.316187277
    2.263941373   27.537517469    2.488373735
    2.283887993   27.640385020    7.848882077
    2.303834613   27.853174455   13.658305985
    2.323781233   28.192496581   19.789407284
    2.343727853   28.652438602   25.933217991
    2.363674473   29.229045829   31.811527925
    2.383621093   29.922154295   37.248467249
    2.403567713   30.713051514   41.701595835
    2.423514333   31.575824394   44.406440633
    2.443460953   32.479635796   45.934140639
    2.463407573   33.408027932   46.267423849
    2.483354193   34.331024397   45.788231949
    2.503300813   35.235865577   44.645835309
    2.523247433   36.119198514   43.400339146
    2.543194053   36.988360168   43.026869674
    2.563140673   37.850682396   43.467814071
    2.583087293   38.738749534   45.597296202
    2.603033913   39.681335182   48.718080121
    2.622980533   40.703032293   53.005287864
    2.642927153   41.811535781   58.003014772
    2.662873773   43.027358223   62.883951827
    2.682820393   44.327365191   66.864521138
    2.702767013   45.699808828   69.547570464
    2.722713633   47.100354447   70.473525313
    2.742660253   48.514688674   69.748270493
    2.762606873   49.891533856   67.232583793
    2.782553493   51.208317742   63.723803101
    2.802500113   52.438347541   59.543458128
    2.822446733   53.589878957   55.398203890
    2.842393353   54.657226449   51.542049986
    2.862339973   55.669945570   49.030611031
    2.882286593   56.641942063   47.587358548
    2.902233213   57.589253760   47.316269214
    2.922179833   58.544693393   48.416197154
    2.942126453   59.532054921   50.002675911
    2.962073073   60.556100426   52.061696773
    2.982019693   61.622968120   54.067552867
    3.001966313   62.723150581   55.594452968
    3.021912933   63.844253411   56.150434193
    3.041859553   64.967945395   55.693537601
    3.061806173   66.067773551   54.108884867
    3.081752794   67.141807482   52.103464217
    3.101699414   68.158401428   49.793871689
    3.121646034   69.127770510   47.166267273
