   0.0273347769
   0.0285183793
   0.0215037346
   0.0309773974
   0.0090126413
   0.0087685534
   0.0113727453
   0.0096051539
   0.0247051320
   0.0139810882
   0.0288445458
   0.0184936489
   0.0114335302
  -0.0091840785
  -0.0214133015
  -0.0172954530
  -0.0332651087
  -0.0203021384
  -0.0322791123
  -0.0330144068
  -0.0047079165
  -0.0347243404
  -0.0183949192
  -0.0097167619
  -0.0256640556
  -0.0167009909
  -0.0126557214
   0.0041977952
   0.0055023020
   0.0188810786
   0.0027398861
   0.0097803811
  -0.0022322100
   0.0018938199
   0.0023948228
   0.0166439835
   0.0054704232
   0.0076446835
   0.0090806985
   0.0014496076
   0.0053177118
  -0.0014721364
  -0.0046611688
   0.0148573861
   0.0048479566
  -0.0024796371
   0.0074810871
  -0.0250900112
  -0.0290102535
  -0.0401753790
  -0.0339654545
  -0.0423474360
  -0.0465458204
  -0.0387336435
  -0.0414529918
  -0.0473491401
  -0.0462111797
  -0.0406150093
  -0.0457231707
  -0.0401099148
  -0.0229655364
  -0.0376232978
  -0.0325160649
  -0.0205706099
   0.0012240530
  -0.0005951966
   0.0132143338
   0.0008859302
   0.0032791171
   0.0197040041
   0.0037287037
   0.0056504425
   0.0165778899
  -0.0035319228
   0.0196862958
  -0.0007170616
   0.0095735979
  -0.0291405025
  -0.0378756605
  -0.0465872681
  -0.0368450279
  -0.0513776850
  -0.0537450275
  -0.0496262094
  -0.0448548392
  -0.0541955156
  -0.0553010350
  -0.0528319563
  -0.0399748427
  -0.0497710286
  -0.0525902909
  -0.0477121154
  -0.0345867097
  -0.0433966452
  -0.0304490699
  -0.0222171493
   0.0040264509
   0.0032652033
   0.0134253533
   0.0029449725
   0.0026492610
   0.0047246970
   0.0096171147
   0.0003669436
   0.0094643319
   0.0119608690
   0.0029812174
   0.0035206066
  -0.0022169277
  -0.0017353515
   0.0041915989
   0.0056129265
   0.0035828822
  -0.0378040906
   0.0028667828
  -0.0009015202
  -0.0029602821
   0.0296242444
   0.0353350619
   0.0315790448
   0.0303213116
   0.0496569188
   0.0366855031
   0.0320621656
   0.0300938966
   0.0375173787
   0.0307095843
   0.0375895188
   0.0222113586
   0.0028636509
   0.0274079258
   0.0205685370
   0.0096328477
  -0.0082833202
  -0.0026519963
   0.0233085856
   0.0175534271
   0.0120250169
   0.0179932580
   0.0246611871
   0.0200832777
   0.0183630490
   0.0222486642
   0.0150799904
   0.0072970974
   0.0165003527
   0.0226895955
   0.0258188639
   0.0198242831
   0.0069563673
  -0.0188774314
   0.0050110888
   0.0365474083
   0.0255945422
   0.0440322412
   0.0252039792
   0.0360205561
   0.0441867584
   0.0260264217
   0.0365762861
   0.0371495172
   0.0272773715
  -0.0097335721
   0.0021775202
   0.0103029185
   0.0048205003
  -0.0170427189
   0.0101933231
   0.0046869784
  -0.0190669097
   0.0012778283
   0.0056884588
   0.0055504883
   0.0024399629
  -0.0032553411
   0.0063518105
   0.0070999046
  -0.0148847447
   0.0022303138
   0.0083146389
   0.0081564328
  -0.0238099186
   0.0009634025
  -0.0248085904
  -0.0003496980
  -0.0258991572
  -0.0096742907
   0.0033995100
   0.0085995187
   0.0052320539
   0.0041501983
   0.0010707390
   0.0073398625
   0.0067009611
   0.0065093775
   0.0026681331
   0.0008669674
   0.0022264551
   0.0026498365
  -0.0041472021
   0.0009130093
   0.0031188814
   0.0033563655
  -0.0027093744
  -0.0187337874
  -0.0066476262
  -0.0378387071
   0.0043598796
  -0.0055914239
  -0.0330140089
   0.0022332774
   0.0034124446
  -0.0019492807
  -0.0188120709
   0.0009372018
   0.0018161323
   0.0026271044
  -0.0050470705
   0.0014896556
   0.0023006376
  -0.0211011763
  -0.0041570969
  -0.0228951730
  -0.0013822952
   0.0043587114
  -0.0265721566
  -0.0023857557
   0.0036612733
  -0.0068287369
   0.0224111672
   0.0246991531
   0.0320846862
   0.0233187401
   0.0177061424
   0.0238074179
   0.0252547941
   0.0086445635
   0.0075279272
   0.0108882033
   0.0074606389
   0.0188559939
   0.0102420316
   0.0334356176
   0.0141230880
   0.0220129953
   0.0134825777
   0.0090706721
  -0.0053913329
  -0.0132498103
  -0.0103120755
  -0.0210187561
  -0.0129030732
  -0.0233621372
  -0.0192895685
   0.0025357911
  -0.0240210105
  -0.0189625159
  -0.0151282280
  -0.0222777033
  -0.0114102457
  -0.0073069998
  -0.0162359258
  -0.0100523918
  -0.0075506957
   0.0026700082
   0.0028806274
   0.0107736498
   0.0006675505
   0.0056718102
  -0.0034321718
   0.0006648314
   0.0027903890
   0.0096235876
   0.0037430876
   0.0054842697
   0.0053876278
   0.0024503580
   0.0015857787
  -0.0019164868
  -0.0056833062
   0.0084749717
   0.0030234021
  -0.0034371035
   0.0035994575
  -0.0179498323
  -0.0196844623
  -0.0289560467
  -0.0245124094
  -0.0305492862
  -0.0349016957
  -0.0287057874
  -0.0287749421
  -0.0360923814
  -0.0363243688
  -0.0277169849
  -0.0356036232
  -0.0362430848
  -0.0279410513
  -0.0338269375
  -0.0295693927
  -0.0137069127
  -0.0262534922
  -0.0230378034
  -0.0140683380
   0.0009846389
  -0.0025906589
   0.0078057579
  -0.0011334520
   0.0005966521
   0.0110441558
   0.0030739555
   0.0012862313
   0.0093508691
  -0.0045491857
  -0.0022786671
  -0.0126994403
   0.0045790002
  -0.0215192966
  -0.0273006040
  -0.0347131981
  -0.0267993009
  -0.0385915897
  -0.0416480507
  -0.0371043516
  -0.0403624174
  -0.0442098658
  -0.0435755501
  -0.0378050673
  -0.0396078263
  -0.0437426200
  -0.0430671041
  -0.0368886753
  -0.0369612669
  -0.0400825070
  -0.0343638300
  -0.0246579674
  -0.0315354536
  -0.0208936310
  -0.0160676512
   0.0032923715
   0.0016505859
   0.0076696162
  -0.0002163564
   0.0024027236
   0.0024154070
   0.0072962183
   0.0080999152
   0.0074233843
   0.0085655427
   0.0063221014
   0.0002989040
   0.0015822142
  -0.0033244580
   0.0010332956
   0.0026736355
   0.0018954603
   0.0021745063
  -0.0036746527
   0.0256959645
   0.0288700424
   0.0267057113
   0.0257060836
   0.0376393233
   0.0302757943
   0.0274706435
   0.0258066642
   0.0381708500
   0.0309711894
   0.0273012202
   0.0255846975
   0.0399488195
   0.0313245898
   0.0264855272
   0.0306302096
   0.0198479567
   0.0105884436
  -0.0047153950
   0.0224642198
   0.0174615927
   0.0101345080
  -0.0007082082
  -0.0057645044
   0.0193818387
   0.0150886053
   0.0100436498
   0.0118761326
   0.0170081202
   0.0208528271
   0.0162852867
   0.0143569408
   0.0179841711
   0.0129626057
   0.0059800870
   0.0091809206
   0.0152291430
   0.0189530846
   0.0210345740
   0.0163788906
   0.0077038794
  -0.0077228327
   0.0196823064
   0.0105162400
  -0.0068080569
   0.0296197040
   0.0220912091
   0.0363653007
   0.0214492444
   0.0296243636
   0.0392170283
   0.0156673469
   0.0260020656
   0.0325103885
   0.0365103738
   0.0083606405
   0.0224791767
   0.0302876689
   0.0301178774
   0.0234505331
  -0.0012071045
   0.0059421799
  -0.0000557898
   0.0079226870
   0.0043545191
  -0.0055505981
   0.0057624345
  -0.0006667668
   0.0041388984
  -0.0029399004
   0.0029521836
   0.0035236955
   0.0016933403
  -0.0046165752
  -0.0001051822
   0.0045415455
   0.0043972954
  -0.0207932439
  -0.0051140582
   0.0030942184
   0.0058548388
   0.0049101641
  -0.0099097956
   0.0014028701
   0.0065008025
  -0.0300981196
  -0.0087519413
   0.0014567064
   0.0067463972
  -0.0126971405
  -0.0023561243
   0.0039270793
   0.0061586647
   0.0032413483
   0.0028254339
  -0.0006498289
   0.0021667067
   0.0050959802
   0.0041241925
   0.0039011463
   0.0002911345
  -0.0004857271
   0.0000150971
   0.0009585932
  -0.0022968973
  -0.0046796144
  -0.0001543447
  -0.0001089727
   0.0014066830
  -0.0009654141
  -0.0083717647
  -0.0203888182
   0.0016627531
  -0.0040140023
  -0.0164691826
   0.0012907443
  -0.0033930628
  -0.0148993019
  -0.0007269303
   0.0012650945
  -0.0006830389
  -0.0082176000
  -0.0224015804
  -0.0004990581
  -0.0003604749
   0.0008234560
  -0.0025720415
  -0.0052124303
   0.0003766782
   0.0000871409
  -0.0168178937
  -0.0076012619
  -0.0239089740
  -0.0059923601
   0.0003953703
  -0.0120106037
  -0.0016978976
   0.0022019098
  -0.0077387012
  -0.0005364102
  -0.0105984181
   0.0187864788
   0.0208999344
   0.0250753060
   0.0233417810
   0.0194545351
   0.0205733032
   0.0157593606
   0.0074073317
  -0.0112467128
   0.0201485808
   0.0223789621
   0.0212380439
   0.0080045751
   0.0069406895
   0.0100780959
   0.0064378246
   0.0151920451
   0.0083155223
   0.0257327203
   0.0101753842
   0.0209336958
   0.0066403846
   0.0287867512
   0.0176501250
   0.0107584837
   0.0078339600
  -0.0028589495
  -0.0081887555
  -0.0058290828
  -0.0078508065
  -0.0133955671
  -0.0078683063
  -0.0153276467
  -0.0125809695
  -0.0165451272
  -0.0073484995
  -0.0161230306
  -0.0121555347
  -0.0105993158
  -0.0143957854
  -0.0067545749
  -0.0050233511
  -0.0102698788
  -0.0056553683
  -0.0041768565
   0.0021155081
   0.0025406561
   0.0067371163
   0.0002573749
   0.0037838888
  -0.0029293670
   0.0005258700
   0.0029013206
   0.0061279284
   0.0035754041
   0.0047526345
   0.0038055708
   0.0030620751
   0.0000018936
  -0.0016121001
  -0.0053320616
   0.0025828469
  -0.0076880550
  -0.0033239829
   0.0019291926
  -0.0131182674
  -0.0132472737
  -0.0220151523
  -0.0185355069
  -0.0217579432
  -0.0271550613
  -0.0244429334
  -0.0193156779
  -0.0275831981
  -0.0290973593
  -0.0180796779
  -0.0270123022
  -0.0289187341
  -0.0236689088
  -0.0187195928
  -0.0259116596
  -0.0245793919
  -0.0194390636
  -0.0173434830
  -0.0097254141
   0.0003566488
   0.0047163793
  -0.0006411560
   0.0067456354
   0.0020993708
  -0.0007487700
   0.0054181457
  -0.0045836665
  -0.0027812679
  -0.0091739523
   0.0020309000
  -0.0163751004
  -0.0206347805
  -0.0274425599
  -0.0203142016
  -0.0267287969
  -0.0332818024
  -0.0326619543
  -0.0247658430
  -0.0286187391
  -0.0350442640
  -0.0362454609
  -0.0336781585
  -0.0345731630
  -0.0358028040
  -0.0330354063
  -0.0253624969
  -0.0319326160
  -0.0308736406
  -0.0187266124
  -0.0246506925
  -0.0120232310
   0.0023154841
   0.0011031737
   0.0048140284
  -0.0009454508
   0.0018605548
   0.0014971269
   0.0007505252
  -0.0056581441
   0.0054167645
  -0.0130273910
  -0.0008190894
   0.0042771113
   0.0059832973
   0.0053453015
   0.0057184199
   0.0040821727
  -0.0004612996
   0.0007745133
  -0.0034287107
  -0.0004924824
   0.0005254521
   0.0003124611
   0.0008490820
  -0.0005725069
  -0.0061093193
  -0.0204363364
   0.0000249932
  -0.0037446289
   0.0228650297
   0.0256366400
   0.0234880759
   0.0320387138
   0.0263534587
   0.0240476742
   0.0225683011
   0.0326629240
   0.0269323307
   0.0239703697
   0.0224742636
   0.0338738870
   0.0272151579
   0.0234772595
   0.0272160497
   0.0096773942
  -0.0028925527
   0.0201746616
   0.0153235495
   0.0089468930
  -0.0004062962
  -0.0093163379
   0.0169118885
   0.0122587126
   0.0072206886
   0.0092530767
   0.0146070438
   0.0187267309
   0.0136476909
   0.0116206661
   0.0153493910
   0.0100925122
   0.0031437478
   0.0065586157
   0.0127256717
   0.0166077826
   0.0186450894
   0.0142263481
   0.0069598979
  -0.0057529983
   0.0097020848
  -0.0041400377
   0.0256937543
   0.0183670396
   0.0319729684
   0.0078315345
   0.0191604436
   0.0258523616
   0.0346134847
   0.0145843504
   0.0226991082
   0.0282953381
   0.0320213308
   0.0094294262
   0.0199732843
   0.0263516800
   0.0260814956
   0.0195562760
  -0.0019786083
   0.0033511822
  -0.0031301151
   0.0052494427
   0.0013385321
  -0.0090925818
   0.0030845923
  -0.0039985780
  -0.0037401251
   0.0012970485
   0.0022154596
   0.0004480792
  -0.0062282531
  -0.0019298302
   0.0027355835
   0.0029208382
  -0.0129136582
  -0.0022886444
   0.0028381210
   0.0043481208
  -0.0205067006
  -0.0049427299
   0.0022804343
  -0.0179591488
  -0.0045843815
   0.0022878589
  -0.0176832390
  -0.0084303161
  -0.0007166259
   0.0034022772
   0.0047097624
   0.0018998397
   0.0015753735
  -0.0022734191
   0.0003177881
   0.0033724321
   0.0027498715
   0.0023047847
  -0.0010781214
  -0.0015364956
  -0.0011699202
  -0.0005299607
  -0.0038083806
  -0.0059361029
  -0.0011278144
   0.0000845617
  -0.0010108648
  -0.0056674484
  -0.0147464804
  -0.0024702068
  -0.0104196780
  -0.0273366815
   0.0005986256
  -0.0023039660
  -0.0094157988
  -0.0255198219
  -0.0001979357
  -0.0009158453
  -0.0054027061
  -0.0151845147
  -0.0014741126
  -0.0015009155
  -0.0006402553
  -0.0040325605
  -0.0063335313
  -0.0003238822
  -0.0011595631
  -0.0080521866
  -0.0089765385
  -0.0019983754
  -0.0153893109
  -0.0045413358
  -0.0001544555
  -0.0108707595
  -0.0028874204
  -0.0107727052
   0.0158493559
   0.0202716365
   0.0196359944
   0.0196865465
   0.0167261664
   0.0176662901
   0.0135330802
   0.0066565327
  -0.0076047475
   0.0180428446
   0.0140012865
   0.0175577559
   0.0192061764
   0.0244205957
   0.0180643439
   0.0072122587
   0.0101167186
   0.0063716084
   0.0091221195
   0.0057869329
   0.0126063960
   0.0071304708
   0.0205493253
   0.0080633176
   0.0164159579
   0.0077234898
   0.0229186083
   0.0106058312
   0.0145684500
   0.0057887518
   0.0090378089
   0.0070000533
  -0.0012360317
  -0.0050191368
  -0.0030111310
  -0.0052646179
  -0.0085688265
  -0.0045294259
  -0.0105874957
  -0.0065723233
  -0.0100191541
  -0.0105052102
  -0.0020858648
  -0.0103699697
  -0.0104611982
  -0.0015001867
  -0.0110318593
  -0.0058667853
  -0.0073283118
  -0.0093230474
  -0.0036760763
  -0.0032827309
  -0.0064485023
  -0.0028236476
  -0.0020031535
   0.0017981244
   0.0025920144
   0.0002350565
   0.0026985211
   0.0006534356
   0.0027157405
   0.0040418927
   0.0035513063
   0.0043384028
   0.0028813045
   0.0032530810
  -0.0006826307
  -0.0012147726
  -0.0047080508
   0.0024793500
  -0.0050830850
  -0.0029409037
   0.0011723707
  -0.0098140883
  -0.0093539413
  -0.0163203068
  -0.0140963960
  -0.0151137406
  -0.0203954071
  -0.0200094613
  -0.0125390265
  -0.0207439021
  -0.0230729991
  -0.0201871610
  -0.0195316036
  -0.0232754196
  -0.0228411886
  -0.0196106555
  -0.0225921016
  -0.0205972423
  -0.0114346276
  -0.0187231065
  -0.0194653909
  -0.0151371172
  -0.0137763086
  -0.0128138070
  -0.0068052792
  -0.0003168233
   0.0027447422
  -0.0013309990
   0.0043138015
   0.0011744965
  -0.0017366105
   0.0030415845
  -0.0043636597
  -0.0029224902
  -0.0070247368
   0.0006291499
  -0.0128627641
  -0.0159627956
  -0.0212216646
  -0.0157237357
  -0.0247956849
  -0.0266847638
  -0.0238609029
  -0.0265658750
  -0.0294502535
  -0.0288963968
  -0.0246438768
  -0.0281228796
  -0.0302081706
  -0.0296445456
  -0.0261977854
  -0.0257821044
  -0.0287531188
  -0.0280282545
  -0.0231951458
  -0.0234872522
  -0.0250729072
  -0.0213062709
  -0.0142913394
  -0.0186322738
   0.0013929628
   0.0007981197
   0.0031544424
   0.0012891720
   0.0009747578
   0.0002788793
  -0.0038894859
   0.0034289862
  -0.0070208320
   0.0004277992
   0.0035238179
   0.0043511284
   0.0008976894
   0.0036593573
   0.0044790298
   0.0039890024
   0.0035794643
   0.0026842113
  -0.0006110159
   0.0003295284
  -0.0033220254
  -0.0107342694
  -0.0049256454
  -0.0011724057
  -0.0005027401
  -0.0003548202
  -0.0009066001
  -0.0039912920
  -0.0118222079
  -0.0005177391
  -0.0008132880
  -0.0017822956
  -0.0063828805
  -0.0036634865
   0.0207438140
   0.0270236026
   0.0229929228
   0.0211967364
   0.0199513551
   0.0276376335
   0.0234693698
   0.0213874132
   0.0200261624
   0.0282139664
   0.0237788281
   0.0212318674
   0.0288486776
   0.0238986201
   0.0209638823
   0.0236943180
  -0.0029191979
   0.0152821296
   0.0093699333
   0.0009897563
   0.0172665691
   0.0131148257
   0.0078075636
   0.0008278765
  -0.0045507024
   0.0145556554
   0.0104400479
   0.0064580449
   0.0080612656
   0.0126373686
   0.0160991227
   0.0116777822
   0.0096275218
   0.0128771578
   0.0082808103
   0.0029214990
   0.0055086073
   0.0107260741
   0.0140208264
   0.0157149290
   0.0118117407
   0.0056710051
  -0.0039528005
   0.0146025929
   0.0086730329
  -0.0009503565
   0.0270073758
   0.0157492575
   0.0217448078
   0.0304002101
   0.0134795061
   0.0199229141
   0.0247606839
   0.0303550872
   0.0138791739
   0.0201753870
   0.0249096884
   0.0270638857
   0.0166212679
   0.0222542672
   0.0219610744
   0.0164080533
   0.0021527134
  -0.0030643162
   0.0031985147
  -0.0007859995
   0.0030998742
  -0.0010038234
   0.0017212145
  -0.0040966739
  -0.0034446848
   0.0002350435
   0.0013611400
  -0.0004063549
  -0.0054099298
  -0.0024672176
   0.0013651630
   0.0018693303
  -0.0107856638
  -0.0027835534
   0.0014874052
   0.0029072463
   0.0020797561
  -0.0102599506
  -0.0019833628
   0.0022181535
  -0.0128920346
  -0.0082912173
  -0.0013453550
   0.0025344357
  -0.0122500660
  -0.0067775194
  -0.0011458010
   0.0021555892
   0.0032176770
   0.0012072843
   0.0007564917
  -0.0021791117
  -0.0004214988
   0.0020815414
   0.0018484727
   0.0012573901
  -0.0019090574
  -0.0019361815
  -0.0017658988
  -0.0015287161
  -0.0040984470
  -0.0054054209
  -0.0018252184
  -0.0009611979
  -0.0018531647
  -0.0054740985
  -0.0118420132
  -0.0017740483
  -0.0059937461
  -0.0142630587
  -0.0067919692
  -0.0176342560
  -0.0005437805
  -0.0017590029
  -0.0055697842
  -0.0135984890
  -0.0011803651
  -0.0018205585
  -0.0053833969
  -0.0123380844
  -0.0018120266
  -0.0020003943
  -0.0016201773
  -0.0042603861
  -0.0055496997
  -0.0010712539
  -0.0018982781
  -0.0075233182
  -0.0087420890
  -0.0029626807
  -0.0164674413
  -0.0064229023
  -0.0019009986
  -0.0178139334
  -0.0069778007
  -0.0022090893
  -0.0107402952
  -0.0039045264
  -0.0098143807
