#! FIELDS phi file.free der_phi
#! SET min_phi -pi
#! SET max_phi pi
#! SET nbins_phi  178
#! SET periodic_phi true
   -3.141592654   15.949303018  -58.911556104
   -3.106293860   13.863251128  -58.685836634
   -3.070995066   11.874923615  -53.121189554
   -3.035696272   10.158330685  -43.946375461
   -3.000397478    8.771128540  -35.156643546
   -2.965098684    7.637691130  -29.944805163
   -2.929799890    6.621040770  -28.222366069
   -2.894501097    5.641312561  -27.361731577
   -2.859202303    4.718822816  -24.627365163
   -2.823903509    3.934566747  -19.773151403
   -2.788604715    3.335203788  -14.490782368
   -2.753305921    2.895450191  -10.951211004
   -2.718007127    2.539433996   -9.767175625
   -2.682708333    2.201378269   -9.610529153
   -2.647409540    1.877397789   -8.769053696
   -2.612110746    1.610981759   -6.332303725
   -2.576811952    1.455825009   -2.601768102
   -2.541513158    1.440236598    1.446810670
   -2.506214364    1.557265415    4.714281926
   -2.470915570    1.764300782    6.458015217
   -2.435616776    1.998121053    6.200968976
   -2.400317983    2.196568386    4.635457482
   -2.365019189    2.340279027    3.472578634
   -2.329720395    2.475425275    4.223189566
   -2.294421601    2.674471538    7.090975135
   -2.259122807    2.986232344   10.157355017
   -2.223824013    3.378878681   11.397761501
   -2.188525219    3.769432161   10.020049412
   -2.153226425    4.077239069    7.102430069
   -2.117927632    4.280536028    4.379194448
   -2.082628838    4.410494875    2.940958236
   -2.047330044    4.510190119    2.552267199
   -2.012031250    4.601949040    2.266161341
   -1.976732456    4.675246813    1.592559522
   -1.941433662    4.721232817    0.784974562
   -1.906134868    4.742899462    0.253710417
   -1.870836075    4.749614752   -0.246005367
   -1.835537281    4.721590324   -1.829315599
   -1.800238487    4.607386813   -5.171624232
   -1.764939693    4.353755757   -9.424399531
   -1.729640899    3.960241612  -12.773132792
   -1.694342105    3.485707045  -14.012314755
   -1.659043311    3.002144089  -13.492046529
   -1.623744518    2.542136475  -12.895944312
   -1.588445724    2.087786301  -13.273058869
   -1.553146930    1.608222745  -14.211047955
   -1.517848136    1.106535137  -14.168931313
   -1.482549342    0.639349707  -12.201506592
   -1.447250548    0.275943649   -8.372917968
   -1.411951754    0.063504377   -3.919522313
   -1.376652961    0.000000000   -0.108363576
   -1.341354167    0.049663092    2.519749803
   -1.306055373    0.184156560    4.907442630
   -1.270756579    0.420612087    8.493412223
   -1.235457785    0.813947756   13.593599278
   -1.200158991    1.394160545   18.987332954
   -1.164860197    2.142929747   22.832672836
   -1.129561404    2.998629601   25.207934622
   -1.094262610    3.934544078   27.620296821
   -1.058963816    4.974122184   31.283333346
   -1.023665022    6.150570821   34.962540651
   -0.988366228    7.431320286   36.814206395
   -0.953067434    8.730333949   36.113481115
   -0.917768640    9.980590105   34.533076630
   -0.882469847   11.200125467   34.775635564
   -0.847171053   12.481447580   38.013408199
   -0.811872259   13.915986288   42.872653833
   -0.776573465   15.511387151   46.886148134
   -0.741274671   17.198734549   47.920375104
   -0.705975877   18.869943601   46.207427285
   -0.670677083   20.460843894   43.571353632
   -0.635378289   21.970765185   41.915505712
   -0.600079496   23.441287698   41.239334843
   -0.564780702   24.891359369   40.682832875
   -0.529481908   26.309182885   39.164752261
   -0.494183114   27.657964326   36.845064184
   -0.458884320   28.920803242   34.531737561
   -0.423585526   30.113508890   33.065722443
   -0.388286732   31.273819463   32.512085344
   -0.352987939   32.423472275   32.326691503
   -0.317689145   33.554455638   31.357063685
   -0.282390351   34.625711488   28.817440160
   -0.247091557   35.576935292   24.742488922
   -0.211792763   36.367068974   19.587113351
   -0.176493969   36.968046269   14.351464891
   -0.141195175   37.391061108    9.632819219
   -0.105896382   37.672465819    6.364891607
   -0.070597588   37.868861488    4.875260567
   -0.035298794   38.026251931    3.725869254
    0.000000000   38.118077863    0.726282438
    0.035298794   38.046861338   -5.487530832
    0.070597588   37.710167668  -13.747040012
    0.105896382   37.092394632  -20.914160158
    0.141195175   36.283624838  -24.416017443
    0.176493969   35.416903798  -24.381736199
    0.211792763   34.573575953  -23.675560663
    0.247091557   33.724879771  -25.056764557
    0.282390351   32.766495495  -29.888520659
    0.317689145   31.585638947  -37.282866301
    0.352987939   30.138290426  -44.594202024
    0.388286732   28.479961037  -48.803394482
    0.423585526   26.749820087  -48.733109380
    0.458884320   25.078902368  -45.742078214
    0.494183114   23.519581473  -42.934457934
    0.529481908   22.028379999  -42.011228786
    0.564780702   20.541241514  -42.508516474
    0.600079496   19.039056095  -42.502140954
    0.635378289   17.559340950  -41.197722663
    0.670677083   16.141510955  -39.444426854
    0.705975877   14.775053662  -38.207929377
    0.741274671   13.437744983  -37.689504203
    0.776573465   12.123786225  -36.764481341
    0.811872259   10.868038052  -34.219009676
    0.847171053    9.735668294  -29.907819879
    0.882469847    8.774182531  -24.706059032
    0.917768640    7.993737900  -19.768565533
    0.953067434    7.374324636  -15.625191267
    0.988366228    6.893984504  -11.636392510
    1.023665022    6.571043200   -6.696193219
    1.058963816    6.454838091    0.234621611
    1.094262610    6.608691759    8.422475577
    1.129561404    7.047698088   15.933376007
    1.164860197    7.714102240   21.195262313
    1.200158991    8.524732837   24.282213426
    1.235457785    9.433840409   27.100108635
    1.270756579   10.469159935   31.678529110
    1.306055373   11.707052067   38.483863110
    1.341354167   13.208100777   46.316504866
    1.376652961   14.978720383   53.396664473
    1.411951754   16.969701881   58.856870667
    1.447250548   19.122769289   62.601742437
    1.482549342   21.382243031   64.897455499
    1.517848136   23.703963133   66.126079892
    1.553146930   26.062580507   67.432175336
    1.588445724   28.493253627   70.462991958
    1.623744518   31.079372347   76.115885341
    1.659043311   33.891924112   82.902591756
    1.694342105   36.909049947   87.110149305
    1.729640899   39.989181647   86.172132256
    1.764939693   42.950960240   80.800768422
    1.800238487   45.684347272   73.842385479
    1.835537281   48.179390175   67.520217131
    1.870836075   50.470856958   62.105574584
    1.906134868   52.578317947   57.043748614
    1.941433662   54.513251684   52.548120656
    1.976732456   56.311626804   49.515730294
    2.012031250   58.034874051   48.026116878
    2.047330044   59.711468459   46.399925185
    2.082628838   61.282804456   41.749355138
    2.117927632   62.600722618   31.818694505
    2.153226425   63.478077621   17.214020769
    2.188525219   63.802085614    1.227867249
    2.223824013   63.605536849  -11.704386862
    2.259122807   63.056197905  -18.442035360
    2.294421601   62.369216034  -19.943237565
    2.329720395   61.661504503  -20.416926747
    2.365019189   60.886550139  -24.402301288
    2.400317983   59.883257313  -33.258719551
    2.435616776   58.510664953  -44.634958313
    2.470915570   56.752380298  -54.432568061
    2.506214364   54.719749796  -60.066673294
    2.541513158   52.562089248  -61.717538889
    2.576811952   50.384811913  -61.543482241
    2.612110746   48.216990933  -61.351694943
    2.647409540   46.047446315  -61.559426742
    2.682708333   43.878531662  -61.219330231
    2.718007127   41.745923364  -59.506581101
    2.753305921   39.689125543  -57.050006238
    2.788604715   37.703952471  -55.841066821
    2.823903509   35.710180617  -57.687211115
    2.859202303   33.594968927  -62.512709078
    2.894501097   31.290037805  -68.007562334
    2.929799890   28.830004327  -70.717548586
    2.965098684   26.354680267  -68.845031364
    3.000397478   24.017016758  -63.234403733
    3.035696272   21.894648633  -57.433642412
    3.070995066   19.927668963  -54.770892712
    3.106293860   17.980243830  -56.162412701
