# ResidueNumber Distance(nm)
1 0.2635
2 0.1959
3 0.1052
4 0.1067
5 0.0560
6 0.0320
7 0.0277
8 0.0121
9 0.0202
10 0.0337
11 0.0290
12 0.0407
13 0.0563
14 0.0536
15 0.0506
16 0.0419
17 0.0479
18 0.0424
19 0.0375
20 0.0380
21 0.0264
22 0.0293
23 0.0439
24 0.0294
25 0.0413
26 0.0550
27 0.0512
28 0.0412
29 0.0449
30 0.0419
31 0.0425
32 0.0637
33 0.0565
34 0.0629
35 0.0663
36 0.0889
37 0.0919
38 0.1192
39 0.1324
40 0.1819
41 0.3742
42 0.4606
43 0.4494
44 0.7853
45 0.8653
46 0.5526
47 0.1211
48 0.1860
49 0.0868
50 0.1059
51 0.0810
52 0.0547
53 0.0608
54 0.0423
55 0.0549
56 0.0634
57 0.0734
58 0.0710
59 0.0812
60 0.0722
61 0.0840
62 0.1069
63 0.0872
64 0.0829
65 0.0947
66 0.0810
67 0.0746
68 0.0681
69 0.0583
70 0.0480
71 0.0691
72 0.0749
73 0.0472
74 0.0724
75 0.0576
76 0.0708
77 0.0604
78 0.0535
79 0.0458
80 0.0522
81 0.0436
82 0.0362
83 0.0489
84 0.0471
85 0.0367
86 0.0361
87 0.0504
88 0.0413
89 0.0417
90 0.0560
91 0.0597
92 0.0685
93 0.0580
94 0.0711
95 0.0554
96 0.0516
97 0.0447
98 0.0525
99 0.0624
100 0.0545
101 0.0431
102 0.0347
103 0.0143
104 0.0298
105 0.0317
106 0.0796
107 0.0860
108 0.0664
109 0.1016
110 0.1056
111 0.1050
112 0.1018
113 0.0810
114 0.0687
115 0.0677
116 0.0583
117 0.0362
118 0.0347
119 0.0407
120 0.0205
121 0.0114
122 0.0202
123 0.0419
124 0.0462
125 0.0478
126 0.0360
127 0.0548
128 0.0383
129 0.0710
130 0.0639
131 0.0459
132 0.0400
133 0.0322
134 0.0410
135 0.0587
136 0.0479
137 0.0468
138 0.0442
139 0.0311
140 0.0393
141 0.0559
142 0.0396
143 0.0318
144 0.0463
145 0.0279
146 0.0377
147 0.0625
148 0.0512
149 0.0350
150 0.0354
151 0.0365
152 0.0383
153 0.0420
154 0.0303
155 0.0365
156 0.0536
157 0.0723
158 0.0623
159 0.0463
160 0.0474
161 0.0376
162 0.0488
163 0.0584
164 0.0624
165 0.0867
166 0.1071
167 0.1001
168 0.1160
169 0.0839
170 0.1001
171 0.1040
172 0.0918
173 0.0694
174 0.0556
175 0.0382
176 0.0424
177 0.0462
178 0.0464
179 0.0370
180 0.0400
181 0.0397
182 0.0448
183 0.0306
184 0.0256
185 0.0498
186 0.0359
187 0.0261
188 0.0570
189 0.0689
190 0.0501
191 0.0655
192 0.0898
193 0.1190
194 0.1182
195 0.0926
196 0.0875
197 0.0973
198 0.1260
199 0.0667
200 0.0765
201 0.0645
202 0.0701
203 0.0390
204 0.0415
205 0.0677
206 0.0747
207 0.0638
208 0.0629
209 0.0705
210 0.0789
211 0.0671
212 0.0652
213 0.0732
214 0.0763
215 0.0648
216 0.0584
217 0.0419
218 0.0310
219 0.0395
220 0.0346
221 0.0464
222 0.0523
223 0.0718
224 0.0744
225 0.0661
226 0.0798
227 0.0848
228 0.0921
229 0.0962
230 0.1021
231 0.1064
232 0.1143
233 0.1117
234 0.1016
235 0.0869
236 0.0944
237 0.0959
238 0.0923
239 0.0845
240 0.0935
241 0.0935
242 0.0988
243 0.0850
244 0.0941
245 0.0925
246 0.0882
247 0.0883
248 0.0809
249 0.0758
250 0.0852
251 0.0637
252 0.0545
253 0.0669
254 0.0465
255 0.0473
256 0.0524
257 0.0333
258 0.0334
259 0.0291
260 0.0208
261 0.0261
262 0.0425
263 0.0249
264 0.0310
265 0.0389
266 0.0328
267 0.0351
268 0.0207
269 0.0215
270 0.0291
271 0.0211
272 0.0214
273 0.0191
274 0.0251
275 0.0242
276 0.0212
277 0.0142
278 0.0281
279 0.0230
280 0.0137
281 0.0486
282 0.0688
283 0.0568
284 0.0943
285 0.1617
286 0.1659
287 0.1495
288 0.1037
289 0.0938
290 0.0843
291 0.0656
292 0.0466
293 0.0542
294 0.0462
295 0.0301
296 0.0309
297 0.0283
298 0.0292
299 0.0512
300 0.0529
301 0.0441
302 0.0391
303 0.0390
304 0.0410
305 0.0365
306 0.0333
307 0.0162
308 0.0198
309 0.0070
310 0.0120
311 0.0202
312 0.0125
313 0.0285
314 0.0554
315 0.0477
316 0.0450
317 0.0629
318 0.0774
319 0.0599
320 0.0665
321 0.0876
322 0.1188
323 0.1207
324 0.1044
325 0.0899
326 0.0651
327 0.0268
328 0.0131
329 0.0239
330 0.0240
331 0.0201
332 0.0196
333 0.0258
334 0.0301
335 0.0462
336 0.0445
337 0.0413
338 0.0460
339 0.0358
340 0.0307
341 0.0390
342 0.0260
343 0.0146
344 0.0219
345 0.0342
346 0.0222
347 0.0112
348 0.0313
349 0.0381
350 0.0230
351 0.0209
352 0.0867
353 0.1290
354 0.0941
355 0.0677
356 0.0717
357 0.0836
358 0.0897
359 0.1188
360 0.0984
361 0.0839
362 0.1055
363 0.1298
364 0.1139
365 0.0923
366 0.0612
367 0.1061
368 0.1066
369 0.0804
370 0.1019
371 0.1174
372 0.1154
373 0.0701
374 0.1443
